55555555. XLIII

35551515 8151155 5511151 Antoren.

Noriberga. 1751517 1355.1,25. 181155,1,394.12, 247.
32015,11155.,112,28.11515211346815511218.
01 Her. 16, 234. 8445512, 900p 100 05515. 1,3.39 115 Aen.
8,1.93 128 Aen. 11, 441. 148 Β55.4,52. 183 Ηοι, 06,
1,7. 1. 212455, 10 884. 263Η55.11ι555. 14011. 4559145.
273 Aen. 1, 420. 319. 320 Georg. 2, 269.g 353. 326 οι. 1151.
5, 306. 7,132. 328 455. 2, 782. 402 plaut. Pseud. 67].
1151. 0555. saec. 59 06.1, 17, 84. 416 Hor. 0d. 3 13, 1.
430 Aen. 11, 914. 1, 745 475 Aen. 7, 84. 550 Aen. 9,
682. 561 Ae'n. 8, 95 596 Aen. 3, 450. 597 Georg 1, 330.
601 Or. A. amat. 3, 687. 617 155. 5, 238. 776. 624 05515.
4, 129. 638 Ηοι,Ε5. 1, 6, 24 6464552, 102. 652 Μ55ι.
551. 5, 3, 16 (Ρ111.ΡΕ55.1111,116).67005,Μ51.1,1 170.
671 Aen. 8, 442. 12, 427. 687 0511555140. Apoll.
Arg. 1, 728. 689. 690 Ov. Μ51. 1, 88. 015. 115551. 1.65οι 2,
63159. 725 Aen. 8, 647. 750 Aen. 1, 426. Liv. 30, 16, 3.
838 Georg. 2, 452. 4, 21, Β55. 7, 13. (Hom. Il. 2, 89).
841 Ηοι, 851, 1, 1, 33. 928 051151. 9, 550. Georg. 1. 269.
942 Georg. 4, 417. 1221 Aen. 12, 87. 1226 Η55.11ι555. 140.
Aen. 3, 678. Georg. 1, 471. Apoll. Arg. 1, 728. 1239 Aen.
7,495 1247 055152, 282. 1249 Ηοι.06. 1,9,19, 1255 01.
1151. 2, 30. Aen. 38285. 1256 115155561. 215. Buc 10 66.
Hor. 513, 26, 10. 1259 Hom. 06ρ7, 11411. 05515 2, 87.

Friburgiea. 858, 2555515155, Mart. 13, 102 Ρ5ι5,,193.
58,12 Caelum terrae. ,5155551 1Ι.1ι. 4, 3, 6. luv. 2, 25.
58, 161. Canterius ι5 porta: 015.561515.9,18,4. 1155516.
2, 2, 6. 3, 5, 1,1 5317155555655 5115115555 cie. 1111, 7, 18.
58, 35 8115155 ex 1561555 Iuv. 10, 194, 11515 9 Aen. 4, 339.
20 1515516555551. 01·.b t.) 6289301004, 24 cic. Orat.
18, 59. Verg. Bue. 6, 85 47 Cic. 15551, 12, 28. Hor.
06. 1, 35, 2. Ep, 2 1, 134, 48 Georg. 2, 445, 59 Ρ15ιι1,
055186. 68Η5ι·56.4, 152. 69 οι. 11513 ,520 5, 329.
71Ρ- 88 01 Μ51.3,.133,16, 34.3,513-733. 830- 91 Ηοι 06
1,17. 21. 2, 7, 21. 851, 2, 4, 51 1161390) 0501125515
4, 9. 123 0511551 4, 203, 0151111. 35 130155, 5, 153.
407. 149 Hor. 06.3,13, 1. 4, 2, 3. 191 01.1151.11,592,
195 Sall. 051. 16, 4. 198 Οι, 1151. 4, 454, 212 Οιι, M'et. 5,
543 15111555. Arg. 1, 120, 217 051151, 7, 352. 243 Hor.
06.11,4,,5 253Η5ι·. 061301. 01. Μ51. 10, 530, 531.
254 οι. Μ51. 10. 531. 280 οι. Μ5,11,320.

1155155. 1151510 Geor.,g3 11,1.4 14 Β55. 6, 64,Ι

Ρ115. Η151.ιι51.14,.3 230551514423381111 Ριιιι. 11, 57.

 

